Name       = /media/6B5E-87D0/killMS.git/PlotAHA/Simul.MS.gds
StartTime  = 2011/12/03/03:00:10.010
EndTime    = 2011/12/03/03:20:10.010
StepTime   = 10
NChan      = [1]
StartFreqs = [150000000]
EndFreqs   = [175000000]
Extra.FieldDirectionDec=[+034.16.48.000000]
Extra.FieldDirectionRa=[14:32:06.000000]
Extra.FieldDirectionType=[J2000]
NParts = 1
Part0.Name       = /media/tasse/data/killMS.git/PlotAHA/Simul.MS.vds
Part0.FileName   = /media/6B5E-87D0/killMS.git/PlotAHA/Simul.MS
Part0.FileSys    = unknown
Part0.StartTime  = 2011/12/03/03:00:10.010
Part0.EndTime    = 2011/12/03/03:20:10.010
Part0.StepTime   = 10
Part0.NChan      = [1]
Part0.StartFreqs = [150000000]
Part0.EndFreqs   = [175000000]
